0.002873182
0.001867056
0.001865625
0.001812696
0.001898289
0.002152920
0.002326012
0.002253294
0.002108812
0.002179384
0.002165079
0.001889706
0.001965761
0.002151728
0.001910925
0.002043962
0.001857042
0.002052069
0.001944304
0.002183676
0.001735210
0.001725912
0.001785994
0.001771450
0.002482891
0.001979351
0.001733303
0.001848698
0.001726627
0.001769066
0.001958847
0.002267122
0.001925230
0.002225399
0.002357244
0.001820087
0.001917124
0.002220869
0.002068520
0.002300501
0.001852274
0.001730919
0.002031326
0.001968145
0.001772165
0.001940012
0.002111912
0.002190113
0.001799583
0.002236605
0.002120972
0.001743793
0.002044201
0.001851082
0.001799345
0.001741409
0.001809359
0.002464056
0.002521276
0.002144337
0.002397776
0.001789808
0.002006769
0.002009630
0.001799345
0.001946449
0.001966715
0.001869678
0.001980543
0.002017260
0.001837492
0.001983881
0.002191305
0.001968145
0.002102137
0.001828909
0.002170801
0.001857281
0.001820087
0.001803875
0.001665831
0.001606703
0.001825333
0.002591133
0.002153397
0.001768112
0.002228737
0.001979828
0.002087593
0.001772404
0.001918316
0.001935482
0.001727819
0.001793385
0.001951456
0.004856825
0.001733780
0.002093554
0.002039909
0.001788139
0.002018595
